%YAML:1.0
---
K: !!opencv-matrix
   rows: 3
   cols: 3
   dt: d
   data: [ 1386.3962555512244, 0., 912.90949205433742, 0.,
       1392.289856659582, 596.47707552219072, 0., 0., 1. ]
D: !!opencv-matrix
   rows: 1
   cols: 5
   dt: d
   data: [ 0.045765479128136596, -0.35426636637007392,
       0.0072488127676145235, -0.0043194671182548968,
       0.35252153508453515 ]
R: !!opencv-matrix
   rows: 3
   cols: 3
   dt: d
   data: [ -0.9996638933023152, -0.025500779171964767,
       -0.0046701915678026293, 0.024010440871363326, -0.9786362944361382,
       0.20419231606861965, -0.0097774821308991636, 0.20401155230507656,
       0.97891965317346363 ]
