%YAML:1.0
---
K: !!opencv-matrix
   rows: 3
   cols: 3
   dt: d
   data: [ 1386.3962555512244, 0., 912.90949205433742, 0.,
       1392.289856659582, 596.47707552219072, 0., 0., 1. ]
D: !!opencv-matrix
   rows: 1
   cols: 5
   dt: d
   data: [ 0.045765479128136596, -0.35426636637007392,
       0.0072488127676145235, -0.0043194671182548968,
       0.35252153508453515 ]
